-2.129430101885467809e-03
1.136349934311056825e-01
-8.220038768970720777e-02
-3.599954496543372046e-02
6.922331275433499242e-02
6.073028266270593528e-02
1.873225720336256159e-02
-7.833596347263450943e-02
-1.214823463559281313e-03
1.402258429681680685e+00
-1.106327579874194916e-01
6.862755207876922170e-02
7.246890793244478712e-02
-3.146748604837362739e-02
-5.269366706728136063e-02
-4.173359772505394472e-02
-5.258991024336743397e-02
1.160902653025456699e+00
-1.429029005998608826e-01
-6.703567454740010090e-02
-6.309209155956983783e-02
-2.327967987508489101e-02
-8.049589610980426024e-02
4.820651136407592269e-03
6.655712768677704561e-02
2.883218359854231375e-02
-2.385903917426362639e-02
-4.544175557551592692e-02
2.899612248249435961e-02
-6.320220114226534139e-03
-1.628548767921545598e-02
-2.520671992069403733e-02
6.391375425146781850e-03
1.893596267248909976e-02
4.545039885751216147e-02
-4.016726761723370814e-02
2.612049828349554195e-02
7.061788704959087726e-02
-1.928810153391726651e-02
-6.111969567774284962e-02
1.552264182598831269e-02
3.805563252735726792e-02
3.424584925636967037e-02
-4.458670981147718620e-02
-5.459457936997491601e-02
9.035380659766532180e-03
-4.977951180175974044e-02
3.218630919535665769e-02
-3.995015596845150757e-02
4.405238543458079442e-02
-1.430991608656837465e-02
4.089672906117869378e-02
-1.124383615255512489e-02
-7.001403399428482270e-03
1.047980559204941256e-03
-3.898319748654215360e-03
6.805842458556746709e-03
-1.400543160742110521e-02
-4.580817109564981268e-03
-5.787788193550639365e-02
-3.527150089137054412e-02
2.245017083746385367e-02
-3.134799641877163145e-02
1.197154246470117922e-01
2.338644259286136798e-02
-2.609765723413606797e-03
4.632960676661153354e-02
7.642175463587992656e-02
8.313720098737088088e-03
7.363301788491871669e-02
3.658341043112348090e-02
4.675404753770866922e-02
1.196791613722998776e-01
-3.779267297432277461e-02
8.950149528778535146e-02
1.647026591185427047e-02
2.889183080202126219e-02
-4.708622555234850959e-02
-2.069887128578489985e-02
1.485198358187190537e-01
-5.673739124868553557e-02
5.536304522849756771e-02
-8.470616392660364202e-02
5.845345712452898815e-03
-2.893453642398840977e-03
-1.320268812916246814e-01
7.022408286220314932e-02
-9.997133382785457212e-02
1.535550717409521204e-01
1.781483646739309007e-02
-6.846905268602396233e-02
4.638789543443017777e-02
1.536821570022650456e-03
-1.842989075618961525e-02
9.529982176012137540e-02
-6.049582828999255230e-02
-5.480893383319458689e-02
4.303181426832136149e-03
2.354804415364982612e-02
8.998979659490631208e-03
-2.063990569013355019e-03
-2.702963676564622275e-02
-9.085850125832493906e-02
2.186348266628305309e-02
6.184789753449097122e-02
-5.592045561905752971e-01
1.070433784073357986e-01
4.972045828906147130e-02
5.308662083273999605e-02
2.936755094572908800e-02
6.023748454906371896e-03
-9.493908240522171138e-02
6.795479345294494489e-02
-6.121095290386890236e-02
-6.090491332927584073e-02
-1.334851409573812632e-02
-4.268013070353919580e-02
2.171070623872094554e-02
-4.925878080431472794e-02
-2.468452876484248174e-02
1.840316531106915218e-02
-2.790588959225616741e-02
-7.225327115062451025e-03
-1.489668114337955318e-03
-8.504189338879639126e-02
5.641467484657746584e-02
6.377474503173881197e-03
-6.129914540191089972e-02
3.896447148983481906e-02
-5.197663301548876430e-02
1.795277463686234878e-03
9.352687923777548706e-02
-7.363081427589493466e-02
9.478033296703504071e-03
3.394835134102659746e-02
5.672680108881391486e-02
2.877501010664954353e-02
-4.399831009930702842e-03
4.509236587680191116e-02
3.268786825943811869e-02
-6.224706419374096411e-01
5.912415120403485824e-02
7.823074114174845273e-02
-4.367832547707493386e-03
-2.413321767791211641e-03
-2.908749202849784249e-03
-1.333131444593652765e-02
-3.412664844930963365e-02
3.247296289396250230e-02
-3.634200827170644410e-02
-7.851451597492455428e-03
2.760966196124112898e-02
5.515846794317957880e-02
4.201269924904427883e-02
-6.157389586779235535e-02
-3.650781647933280111e-02
-8.347309491795557035e-02
2.156429326707159574e-02
1.861934363515559826e-02
-3.190380330936719300e-02
1.005110535702916259e-02
4.063512536952169907e-02
-3.211334138927151444e-02
-8.469337015770823929e-02
-1.259763485573763275e-01
-9.762110992406235199e-02
2.948449733239221285e-02
-4.980032841904274282e-02
9.614614668796279962e-02
1.227572956360154822e-02
7.181427024684529370e-02
3.118724527991225889e-02
-6.244509162563532598e-03
-6.220628886909587013e-02
-3.990475734370892147e-02
4.923199518783135525e-02
2.780537399909082871e-02
-3.462224653703911692e-02
-7.774652881302236002e-03
-7.325645747299873445e-02
1.465354671728149802e-02
-7.298676140160145764e-02
-6.823052805489528139e-02
-1.046108507762180673e-01
-9.449143955658764749e-02
1.418184334633305725e-02
-5.517817740738509280e-02
4.184619572789100017e-02
3.737513118426826972e-03
1.437261330957600308e-02
-5.283676793968803548e-02
3.746595584515209632e-02
-3.944081741571687366e-02
1.000196313751478827e-01
4.362443600445548020e-02
5.298986528118564826e-02
-4.232631774108081696e-02
-1.120381363851706558e-01
-4.613087011491971007e-02
1.575619496539948650e-01
3.387553128906592177e-03
-8.105590162438931767e-02
-6.347488839896979484e-02
5.755498903073379829e-02
1.154091126378817417e-01
-3.496947541525407405e-02
-2.059688483708183721e-02
2.800735589295543296e-03
-2.795652446271305186e-02
9.568085089859325321e-03
-1.064560644539807623e-02
-6.550629500497032187e-02
-3.430013184856011560e-02
-1.449824442961869519e-01
4.612977365897340254e-02
5.376808157478201594e-02
-4.792501969983678500e-02
7.174395265501085084e-02
-1.737283528574519176e-01
3.006603617204957682e-02
6.605245843180398979e-02
1.976021273299207598e-02
-1.383804624151589117e-03
5.915191560802151444e-02
3.012098733493898811e-02
7.596978212339936323e-03
4.488062151359100554e-02
6.065112924051395404e-02
4.789701995896409464e-02
3.346201429461918841e-02
-5.243588760002245580e-02
-5.292626013916881811e-02
1.013545477697936348e-01
7.114499353722122943e-02
-1.070924247538119489e-01
-4.049306211883982320e-02
-4.619214328233853945e-02
-2.598612894441736446e-02
-4.523128951948144488e-02
3.474457892925311014e-02
2.988474921560076505e-02
3.966346215560372090e-02
3.148010866317010187e-02
4.691861755240053777e-02
8.479274650640253319e-02
-1.753419402165578567e-01
-3.355815743541328694e-02
-7.555320641800486459e-02
-7.209473832934430726e-02
3.970471229915921961e-03
4.293626548687864281e-02
2.610819658263456924e-02
-3.005981044170080718e-02
-6.139468682907592983e-02
7.273207474239596661e-03
1.869632821400013245e-01
1.091944003342297242e-01
-5.656655806368575401e-02
-8.012250706299480982e-04
-6.997920146086869519e-03
6.436347234355145608e-02
1.229518095951726286e-01
2.739911835100556498e-02
5.561460431397329679e-02
2.414540405032752218e-02
-6.168120413925919088e-02
1.421692325090780085e-02
-8.666437273819858206e-03
4.263399825559742173e-01
-7.189502823871478376e-02
2.771372632767657787e-02
-2.696112966326457902e-02
-1.032908234510382904e-02
-1.260234801173706343e-01
-3.753586694600156981e-02
-3.896558934004348829e-02
3.484939209487140227e-02
6.982158725572887303e-02
-2.195926611604110887e-02
9.342018605135170295e-02
1.968471960166279511e-01
2.443293758797320664e-02
7.943453745091300089e-02
-9.585829758494719688e-02
-1.258001748296332101e-02
-1.479283593441922673e-01
1.256292747875635378e-02
-9.942642196536936872e-02
1.635092871637164325e-01
-7.209892625620262230e-02
-9.846482475189502481e-02
1.652412463022157052e-02
-2.108989689334771905e-02
1.294929097569260832e-03
-6.144591004174791010e-02
-7.350207430210204361e-03
-5.161854120055700545e-02
-8.310957430894820586e-02
-6.141211245577377770e-02
5.191767577697115055e-02
