-7.175558805465698242e-02
1.601541787385940552e-01
-4.123447462916374207e-02
-7.164116948843002319e-02
-1.488951034843921661e-02
3.897662088274955750e-02
-3.542187064886093140e-02
-4.667918547056615353e-04
-1.103132846765220165e-03
1.212315320968627930e+00
-9.362034499645233154e-02
9.814292937517166138e-02
9.803152829408645630e-02
-3.591305390000343323e-02
3.158666193485260010e-02
5.551955662667751312e-03
-1.425214204937219620e-02
1.054768562316894531e+00
-1.874241083860397339e-01
-6.627196073532104492e-02
-6.206749379634857178e-02
-2.008371055126190186e-02
-1.029374971985816956e-01
1.084120129235088825e-03
3.699051216244697571e-02
-1.158777624368667603e-02
-7.475917041301727295e-02
-3.858648939058184624e-03
5.607072636485099792e-02
-2.652843249961733818e-03
1.830035448074340820e-02
3.117427229881286621e-02
-4.822898190468549728e-03
1.804916933178901672e-02
6.423597782850265503e-02
-5.072835087776184082e-02
-3.743541985750198364e-02
3.383720293641090393e-02
-1.446569524705410004e-02
1.652869768440723419e-02
4.534636682365089655e-04
-3.436714876443147659e-03
1.037558820098638535e-02
-3.374456614255905151e-02
6.343603134155273438e-03
-4.466747492551803589e-02
-6.196925416588783264e-02
4.414163157343864441e-02
3.558770939707756042e-02
-3.159638121724128723e-02
3.051567822694778442e-02
1.688104309141635895e-02
8.597337000537663698e-05
-5.510577932000160217e-02
-1.794598437845706940e-02
1.023732707835733891e-03
-2.030089031904935837e-03
-6.533353775739669800e-02
-4.760573804378509521e-02
-2.321874350309371948e-02
3.719168528914451599e-02
4.115116596221923828e-02
-6.893099751323461533e-03
1.670409291982650757e-01
-4.597185552120208740e-02
-8.507431298494338989e-02
3.233188390731811523e-02
-1.134375203400850296e-02
-4.739117994904518127e-02
3.309130296111106873e-02
-1.753015629947185516e-02
9.601695090532302856e-02
5.241567641496658325e-02
1.804270595312118530e-02
7.814184576272964478e-02
-9.837837517261505127e-02
6.568573415279388428e-03
1.444160472601652145e-02
7.881507277488708496e-03
-1.867601095000281930e-04
2.619859389960765839e-02
6.513269990682601929e-02
-7.146359980106353760e-02
-2.744823694229125977e-02
3.491632267832756042e-02
-2.837121784687042236e-01
1.542476266622543335e-01
-7.901709526777267456e-02
-2.707297541201114655e-02
4.674864560365676880e-02
3.032426722347736359e-02
4.672106355428695679e-02
1.485680323094129562e-02
-5.391762778162956238e-02
7.725254446268081665e-02
-6.953810900449752808e-02
-2.777074649930000305e-02
-4.122041282244026661e-04
-7.789154350757598877e-02
-2.688274160027503967e-02
4.310942441225051880e-02
1.070524826645851135e-01
-1.052562445402145386e-01
-1.114416960626840591e-02
6.146880239248275757e-02
-5.454879403114318848e-01
1.157222408801317215e-02
-2.983151935040950775e-03
7.307463884353637695e-02
8.510896936058998108e-03
3.470159694552421570e-02
-7.515048235654830933e-02
3.426928073167800903e-02
-3.983233496546745300e-02
-4.809656366705894470e-02
-3.233131021261215210e-02
3.732429118826985359e-03
-3.900910029187798500e-03
4.026203602552413940e-02
-3.411906538531184196e-03
3.372669219970703125e-02
1.279311347752809525e-02
3.791638091206550598e-02
-8.827017992734909058e-02
-1.307811290025711060e-01
5.609426647424697876e-02
-3.009391017258167267e-03
-4.843231290578842163e-02
-1.312204729765653610e-02
-2.121630869805812836e-02
1.818019337952136993e-02
-4.641659557819366455e-02
-3.700307756662368774e-02
4.805018007755279541e-02
2.809954807162284851e-02
2.505930140614509583e-02
-1.456483267247676849e-02
-3.556505963206291199e-02
4.973689839243888855e-02
7.107145618647336960e-03
-4.774115979671478271e-01
7.611070573329925537e-02
7.923164218664169312e-02
-4.453418776392936707e-03
-1.359331980347633362e-02
4.548384249210357666e-02
-6.810398399829864502e-02
8.465659804642200470e-03
4.956499487161636353e-02
-5.931773409247398376e-02
2.427816018462181091e-02
-1.264269743114709854e-02
1.159795522689819336e-01
-8.575662970542907715e-03
-1.250511556863784790e-01
-2.120904810726642609e-02
-7.064267992973327637e-02
2.434952743351459503e-02
-3.123936057090759277e-02
-2.058213017880916595e-02
4.652469605207443237e-02
-4.828594624996185303e-02
-2.162874490022659302e-02
-5.150453373789787292e-02
-8.397568017244338989e-02
-7.837193459272384644e-02
-5.908553488552570343e-03
-3.887032717466354370e-02
6.993518769741058350e-02
2.888496033847332001e-02
9.503613412380218506e-02
1.298309396952390671e-02
-1.207587867975234985e-02
2.307167463004589081e-02
-9.515985101461410522e-02
-4.282757639884948730e-02
5.301011260598897934e-03
-2.424511127173900604e-02
7.931724190711975098e-02
-7.316846400499343872e-02
9.889379143714904785e-03
-3.698941320180892944e-02
-6.404381990432739258e-02
-5.315945670008659363e-02
-3.148875385522842407e-02
-6.550883501768112183e-02
-3.673648834228515625e-02
6.530582904815673828e-02
7.392547279596328735e-02
1.326499739661812782e-03
-9.133039042353630066e-03
5.082535091787576675e-03
-1.821108534932136536e-02
3.489877656102180481e-02
4.547655209898948669e-02
3.818561136722564697e-02
-5.671968683600425720e-02
-6.620914489030838013e-02
-5.427061766386032104e-02
2.016620337963104248e-02
6.235198117792606354e-03
-1.061291061341762543e-02
-1.818407885730266571e-02
4.380202665925025940e-02
1.459483504295349121e-01
9.354108013212680817e-03
6.749658286571502686e-02
2.035591378808021545e-02
-1.304399408400058746e-02
-3.334853425621986389e-02
-1.017987448722124100e-02
2.522275084629654884e-03
-1.962165348231792450e-03
-1.001368984580039978e-01
-8.221783675253391266e-03
-1.401378680020570755e-02
-4.981236904859542847e-02
5.582350492477416992e-02
-4.041349515318870544e-02
6.252188235521316528e-02
-1.484412327408790588e-02
-1.545816543512046337e-03
-8.800097554922103882e-02
-4.041611775755882263e-02
-2.064615860581398010e-02
9.094917029142379761e-02
2.621241472661495209e-02
3.636560216546058655e-02
8.333843946456909180e-02
8.644881844520568848e-02
-7.518088817596435547e-02
-2.812322229146957397e-02
3.737803921103477478e-02
5.952438339591026306e-02
-6.519317626953125000e-02
-5.646217986941337585e-02
-4.814856499433517456e-02
-1.176490355283021927e-02
-2.607671171426773071e-02
3.410500660538673401e-02
-2.791347913444042206e-03
2.355985715985298157e-02
3.616004483774304390e-03
5.032522231340408325e-02
6.337679922580718994e-02
-8.407949656248092651e-02
-3.639357909560203552e-02
-8.872961997985839844e-02
-1.476180404424667358e-01
-5.315328761935234070e-02
3.872222453355789185e-02
5.849011614918708801e-02
9.570496156811714172e-03
-2.082868292927742004e-02
6.417140364646911621e-02
1.334342211484909058e-01
1.218057349324226379e-01
-9.507012367248535156e-02
4.029451310634613037e-02
5.002030730247497559e-02
1.478514168411493301e-02
7.718528062105178833e-02
-1.465038117021322250e-02
1.104189753532409668e-01
1.304051559418439865e-02
1.927396468818187714e-02
1.934318616986274719e-02
-9.865649044513702393e-03
2.577394843101501465e-01
-9.650564193725585938e-02
1.026773676276206970e-01
-6.055062171071767807e-03
-6.490848213434219360e-02
-5.378322303295135498e-02
-2.676209993660449982e-02
-2.358694747090339661e-02
-2.246761135756969452e-02
5.943720042705535889e-02
-8.860459178686141968e-02
1.596778780221939087e-01
1.855284869670867920e-01
7.292743027210235596e-02
1.256062462925910950e-02
-1.165537685155868530e-01
5.214654374867677689e-03
-2.377536520361900330e-02
8.386372774839401245e-02
-1.207677572965621948e-01
1.559212654829025269e-01
3.917123377323150635e-02
-9.015550464391708374e-02
-2.608908340334892273e-02
-1.662772521376609802e-02
-3.622722625732421875e-02
-3.577752038836479187e-02
4.376276209950447083e-02
-5.166907981038093567e-02
-8.362893760204315186e-02
-2.434982359409332275e-02
1.159538514912128448e-02
