-6.862456497452568138e-02
1.668188004983360284e-01
-4.603804614504351800e-02
-7.166867114325659038e-02
1.228611917607300846e-02
2.667374465353781338e-02
-3.351600058807509969e-02
-7.980494135420597782e-03
-3.823648962898911884e-03
1.144049005186354329e+00
-1.144009558945460331e-01
1.082041993851568518e-01
7.742836397363650480e-02
-3.893018421885899999e-02
-6.035935877254019512e-03
-9.192471545601552455e-04
-1.982239357958151885e-02
1.055052656934390098e+00
-1.724778841947713359e-01
-6.132538542953248212e-02
-3.532846154389102100e-02
-9.381887596216663058e-03
-8.389219230681259354e-02
8.811087325913866640e-04
5.259007569210953636e-02
-1.664881534406056560e-02
-6.983495143332361932e-02
-2.551437194526166158e-03
5.710498945360300421e-02
7.609609985456265019e-03
9.515218291610557516e-03
2.700308223455672937e-02
6.605451450388690783e-03
1.213239107744793627e-02
8.424047960732093665e-02
-6.039835409554728668e-02
-2.403579579116650773e-03
3.676438512379061330e-02
-3.187612252029225351e-02
1.538100037409153090e-02
-2.804720423985887761e-03
-8.465050077739918674e-03
1.580161183237125538e-02
-2.188640110277930220e-02
8.680913404735049466e-03
-2.695398104596956682e-02
-6.006360829194828249e-02
5.201486640813519913e-02
2.248784459396192814e-02
-2.392062989705201134e-02
2.949938878429455430e-02
3.055608064920203176e-02
-1.359008435866755800e-02
-3.822933218005569733e-02
-2.607404620061670036e-02
8.278940351118898103e-03
5.264875714075240368e-03
-2.356358948462391675e-02
-3.262797155725002951e-02
-1.542434433244630615e-02
4.372486251443830768e-02
3.880426784203062918e-02
1.988849597793529954e-03
1.624225772592376438e-01
-4.961240382800974347e-02
-6.501989667497226622e-02
2.674618468184975992e-02
-2.061132258555054345e-02
-4.447223308520173446e-02
5.104626128260770362e-02
-6.048082739584762987e-03
8.595952377889090612e-02
3.164433955824498546e-02
1.721668429909167450e-02
9.326380162766893800e-02
-6.762867024264933302e-02
-1.535428314029245456e-02
-2.087949971657228170e-03
1.338215118354805014e-02
6.374468413880502241e-03
7.139322871993687356e-03
7.045124869018824787e-02
-7.466391624066513744e-02
-2.574968407268901291e-02
2.389274278960241624e-02
-2.498979892513237544e-01
1.556588759670806676e-01
-1.310768877371599195e-01
-9.780663739737722670e-03
5.409234981480369464e-02
2.199142308947962116e-02
2.146531918218427121e-02
1.600404883498230194e-02
-5.420558464957800360e-02
7.892111158345341271e-02
-6.800749152464233283e-02
-1.924579664118162420e-02
-6.178421741383118004e-03
-6.815873748084422257e-02
-3.756269405942292555e-02
2.758003376473136189e-02
9.952838288817603130e-02
-8.321137051519024441e-02
-2.386961335446901450e-02
4.672234684494402240e-02
-3.605460351479854997e-01
1.504117301907500516e-02
6.622830635442755395e-03
6.660037084827197251e-02
2.044635923258254079e-02
3.750614644356623645e-02
-7.277438322697590833e-02
4.318197133906719748e-02
-5.166672987893265040e-02
-3.627192695020785285e-02
-2.620367601886557790e-02
8.353252456477796781e-03
-1.609070045489601614e-02
2.772647737563757250e-02
-1.926361871694646285e-03
3.582383183732459897e-02
4.222814598959941622e-03
8.229009222334559420e-03
-8.082487852523416449e-02
-1.253786481741974712e-01
6.793645590312324956e-02
1.886703957659664754e-02
-3.761297349784425981e-02
8.446207154592096783e-03
-3.525093996416155118e-02
3.368573836572660157e-02
-2.589881364648734599e-02
-4.097786237202084847e-02
2.800378210378998492e-02
1.033395464513214672e-02
3.847483812299150319e-02
-2.228081465064657776e-02
-1.825699095273884687e-02
3.720558663752558670e-02
3.721720580028604983e-03
-4.924408404667147132e-01
7.562377104633409564e-02
8.145726363883933063e-02
1.045884563747805605e-02
-1.633380941327580715e-02
5.208488571937077566e-02
-6.671893851997347247e-02
3.147409641751295478e-02
4.418413145631768651e-02
-6.856732771954804351e-02
4.068922466738286725e-02
-1.933642694833159065e-02
9.617795409904963955e-02
-1.364700192263569069e-02
-1.021461748135885916e-01
-2.350759748894969137e-02
-7.391926792958966597e-02
-9.378482677560797884e-03
-2.232727036122928582e-02
-2.179362230452176405e-02
5.268390011729337519e-02
-6.424966749901361851e-02
-3.680873422418402211e-03
-6.116676284759151733e-02
-8.891198891431079110e-02
-7.352204138004482525e-02
1.469352579860098464e-03
-4.037005856538265769e-02
4.665817410989981512e-02
3.740258889297497918e-02
7.625801008858830443e-02
4.048558840903957395e-05
-2.889588754399394915e-02
2.599539174204785249e-03
-8.744506228664185310e-02
-3.210966168884590854e-02
9.021014381750980596e-03
-1.966009524904650113e-02
7.196780141395341113e-02
-7.748935375889171029e-02
1.196340715632540803e-02
-4.028110070290252809e-02
-4.798968576847531531e-02
-5.501092678741952013e-02
-4.643635322227988166e-02
-6.882456590372365568e-02
-4.551513216769021569e-02
6.444690428760535550e-02
5.079264719389359889e-02
4.609049850510808961e-03
-3.549678374650478557e-02
2.978425162216523023e-02
-2.463979227332572727e-02
2.556211898415788886e-02
5.952046303900630081e-02
2.084427542124832680e-02
-5.059369607971374999e-02
-6.755233528893768435e-02
-5.769867101459841274e-02
3.887819603897198911e-02
2.543307549876488299e-02
-2.093947354055162788e-02
-1.959644462945014237e-02
4.845682553092942740e-02
1.350103882546516976e-01
-6.098985505673111367e-03
5.260635899313537145e-02
2.118997168894597508e-02
-3.489133643953494512e-02
-2.998850486059886217e-02
-3.539158865200892415e-03
-1.753417795642204374e-02
-4.493685022034500827e-03
-1.078894224033919991e-01
-4.064638746813922961e-03
1.171362342659532487e-03
-6.734255656135279544e-02
5.327318697393099156e-02
-6.255099420609325223e-02
5.409135025688750070e-02
-4.646408327628593835e-03
2.049779877244013032e-02
-6.665311846881040447e-02
-3.356456290884710786e-02
-2.220872223395632325e-02
7.839133471962522748e-02
1.065291413460218821e-02
3.508435721568686078e-02
6.843454845624477589e-02
6.665184528889479820e-02
-7.705390947538912072e-02
-3.808332133863833596e-02
4.330632974573569299e-02
4.790919622767066122e-02
-6.822899690934458583e-02
-4.636755962591919411e-02
-4.133626251826231363e-02
3.540325946790192670e-03
-4.118293926851391423e-02
3.878695706247640984e-02
2.128956800268359383e-03
2.566015662972032443e-02
2.977197772104905188e-02
5.441578777046808535e-02
4.998443481711954683e-02
-7.800178075430862223e-02
-3.664969562512151308e-02
-6.263856441414782095e-02
-1.436053913317265340e-01
-2.889742596972530095e-02
4.857204272916881144e-02
5.384233190093892091e-02
-1.173811294454975285e-02
-3.513933848520001818e-02
6.049432282374687248e-02
1.365300736711039520e-01
9.384395844412232734e-02
-8.747709839706202528e-02
2.830605344335752199e-02
3.746064422188961907e-02
1.642460305600704912e-02
9.443433420463512307e-02
2.264103242874123539e-02
1.072043287581054688e-01
1.262129356106903542e-02
-5.308819616584325475e-03
2.878614836986510828e-02
-3.381832846688231226e-03
2.365768641498267322e-01
-9.708616694042268569e-02
7.682567522315046638e-02
5.435999052106384698e-03
-6.027617349662915680e-02
-6.735538887471266556e-02
-2.529542967275791657e-02
-2.527402014733505856e-02
5.085589436064389193e-03
6.051122596236319096e-02
-9.601499823809768464e-02
1.595524946821285095e-01
1.627521968384396389e-01
5.801865239847440320e-02
1.225414728306086463e-02
-1.205175579104767747e-01
-9.743504894997055688e-03
-4.888595417195594484e-02
6.818195067781418484e-02
-1.003798052043663735e-01
1.414124394413089902e-01
2.287391965100038851e-02
-6.662098742830879772e-02
-1.350017300728133772e-02
-2.928108030968738784e-02
-4.188187316126016496e-02
-2.353659025264178209e-02
3.735959952639494180e-02
-5.621844300728490867e-02
-7.106217960539105982e-02
-3.202570999213040503e-02
1.808425031324693150e-02
