-4.071406337263561853e-02
1.738655564751399873e-01
-6.911750589717964577e-02
-1.729954361444294500e-02
-1.460940033226749285e-02
-2.400747243045553252e-03
-4.413173879220111916e-03
-1.175008343142829384e-02
1.850706570762481601e-02
1.425137968283828771e+00
-9.203216368393689339e-02
1.011197594212496914e-01
1.002910569890764353e-01
-1.191628965841826961e-02
-2.777629757041021226e-03
-3.367912045907982266e-02
-1.348645518103285153e-02
1.225254465138666315e+00
-1.683675358653238530e-01
-7.563749332893035526e-02
-2.073810649323569455e-02
-5.272279248449464328e-02
-1.161922935252274330e-01
-1.243040641252838316e-03
4.013184820893835741e-02
4.375168211997178258e-02
-1.375664390743035377e-02
1.384844489623271706e-03
1.073236227599673291e-02
3.444456039717780360e-02
-1.973482311561227873e-02
3.342101479369975758e-02
-7.439843866255731880e-03
2.897400520400842880e-02
5.790182745973015965e-02
-6.951203622861583387e-02
1.149993356917841832e-02
3.848586439380299873e-02
-1.930917105300021183e-02
-5.997497932657331471e-02
2.043664712785765031e-02
5.672638871920974296e-02
1.750878060884246412e-02
-3.860196942376654949e-02
-3.079898517070589828e-02
-6.908169446719165593e-03
-7.973189103123484722e-02
-1.869329263380431917e-03
-4.145660559614332101e-03
-2.417414377007636155e-03
2.586699541969639596e-02
1.700464157468015505e-02
-3.880252132560698536e-02
-2.213013432675243683e-02
-9.527015492611990918e-03
3.786914567710093771e-02
1.496580488349855305e-02
-2.903820151148526086e-03
-2.718852662063934826e-03
-1.673534629511067018e-02
2.164271423032160593e-02
2.564331257417402574e-02
-6.674665413850885617e-03
1.749576714315633219e-01
-7.465648871176937089e-03
-6.306176635456930968e-02
1.014079014054944730e-02
3.314598746068547069e-02
-2.200805324983282074e-02
8.512740566120059749e-02
2.934551044188889873e-02
5.110973702896048215e-02
7.087499115882335554e-02
1.870446542858809555e-02
7.908471977144294895e-02
-1.037931891479034786e-02
1.063086815159012578e-02
-1.474601965491165179e-02
-6.952308500831529819e-03
9.373035852234314069e-02
-1.156747133191063023e-02
6.522568739574301222e-02
-6.642186558472097657e-02
-2.036873440450886336e-02
3.825744699772012231e-02
-2.179605948756999367e-01
6.190885933837226435e-03
-3.172609592699622560e-02
8.151156534984421720e-02
8.133459111509971917e-02
-4.915155095767165944e-03
2.450097083582876423e-02
-8.136971900444217240e-03
1.075834579087654903e-02
8.118805148274570171e-02
-7.258526367603723717e-02
-8.454174229508677751e-03
4.740877796653625992e-03
-3.074130582227076192e-02
-4.868445946768308608e-02
1.703668904594288908e-02
2.803090390238055160e-02
-1.020882199014197383e-01
-8.190812836251764456e-03
6.302503815484414296e-02
-6.509625170852868514e-01
2.740853565945073483e-02
3.383638504150989629e-02
5.124794858867263991e-02
5.064306714540681154e-02
7.451762321356562684e-03
-8.826640371246748107e-02
6.590708233362972679e-02
-5.661921815752634507e-02
-1.944641381494705348e-02
-2.194033069789722359e-02
-5.531546394705949381e-03
2.135984142947818312e-02
-6.238397839428846438e-03
1.717416144884150592e-02
1.927941460904546503e-02
8.321522492527483675e-03
5.469971671922765379e-03
-1.660894150964583801e-02
-5.818336726661130914e-02
4.304060608906762342e-02
-7.941856030509179126e-03
-6.284220807582928392e-02
1.089155907174764112e-02
-1.461802980865856659e-02
4.863555312123388902e-02
3.169414712957995678e-02
-5.476090257735225647e-02
3.546570194694191602e-02
5.652891902951896752e-02
6.922631265064446704e-02
-9.629878492379595131e-03
-7.241448436478097744e-03
4.845043022084111195e-02
-4.659914560074532135e-03
-4.788886767261650856e-01
6.416586569816361274e-02
1.099251228406861354e-02
-8.752751421534902057e-03
2.518526857887156203e-02
-1.595976089152588082e-02
-5.220530377594024413e-02
-2.456441273689760618e-02
7.774215265198557157e-02
-1.218047811791557640e-02
-3.595714434816875416e-02
2.745679838331047812e-03
5.811749619484942592e-02
-1.506905046867996036e-03
-7.649667342117252855e-02
-6.020561867827164959e-03
-8.278119993827251499e-02
8.335072385124410455e-02
-1.214871231563276199e-02
-3.051100824089519534e-02
3.599992932799708778e-02
6.472335588704099425e-03
-2.031406909356582927e-02
-7.588089838525668984e-02
-1.458635406868652729e-01
-9.223543180766008431e-02
5.020956602682574016e-02
-1.313569118567986527e-02
8.970111426382622322e-02
3.527275690162916255e-02
7.523656175596331319e-02
-1.723091326311984584e-02
-1.331397778258237678e-02
-4.296814719250158232e-02
-8.718103445900265980e-02
2.361527977214565588e-02
3.585982323043275521e-02
-2.774638414533608585e-02
5.402960020199218394e-02
-8.652528036863803285e-02
-1.634109942672432730e-02
1.538148909354745617e-02
-5.530797908728744133e-02
-6.095196881521802723e-02
-6.921755041307814382e-02
-2.165665594779250802e-02
-4.463225111398825412e-02
5.612209931902271964e-02
8.083508616358151683e-03
6.385194920818651650e-03
-5.917779511503174633e-02
-1.509554843311385758e-02
-4.557034157828551701e-02
6.738227427901927191e-02
2.822137133711200008e-02
4.554240073310577425e-02
-4.332391126076556853e-02
-8.062645735889022169e-02
-1.509906768069987082e-01
1.243690327798680217e-01
3.455490287450765224e-02
-6.287693409350611495e-02
-5.735376779947017056e-02
6.129533944836568909e-02
1.340390840862494548e-01
-5.596210057401052561e-03
-7.326359299692120249e-04
3.018783524708447755e-02
-6.470508418178010090e-02
3.189460080609141188e-03
-3.698085859422076127e-02
-6.125579814698123293e-02
-2.738521992656541698e-02
-1.726455171560162261e-01
1.808325256669691961e-02
5.678196900582001966e-02
-5.225467658057274256e-02
7.161973829428212868e-02
-8.102061452377977424e-02
3.399203496099777871e-02
5.249789146548588387e-02
6.016317098359123122e-03
-7.135334761393866132e-02
6.388816699501495208e-03
1.972539079292494595e-03
3.224046295386237548e-02
1.333688087938246850e-02
9.996109164648887824e-03
7.253890490889684795e-02
9.283100561609911039e-02
-5.957266273161586356e-02
-2.801631721676774069e-03
7.570139092376287904e-02
4.418530523530848908e-02
-5.357424731159337455e-02
-3.226974576335408379e-02
-3.507050422148961372e-02
-2.784663497927719958e-02
-3.082800245784710763e-02
2.087949893894398140e-02
1.870522252610098968e-02
2.865566005239487957e-02
7.812773595665204948e-03
6.736873263914404386e-02
6.944062506889228659e-02
-9.639252866608001569e-02
-2.845505971066617998e-02
-7.165976040640936739e-02
-1.208352891087726561e-01
-1.778882595546710937e-02
3.689087881066195618e-02
4.864857806896760728e-02
4.537293647511243116e-02
-3.770697251932658006e-02
2.071918264355315092e-02
1.574356792917138148e-01
1.267342628203950439e-01
-4.490319514382871968e-02
4.741175701966461598e-02
-1.035155030032443649e-02
6.711579748331887585e-02
9.745912477173689081e-02
-1.615072528362954118e-02
6.371962309489866139e-02
3.492339407489601644e-02
-3.492862558282873453e-02
6.838756342683087464e-02
1.229609785196150197e-02
3.513773519826280944e-01
-6.831374103711365664e-02
6.606668997139591992e-02
-6.663661934417300023e-03
-5.568040647711489793e-02
-1.004713753701812207e-01
-7.466416733109448867e-02
-2.774353336820813837e-02
6.256664610997413577e-03
4.202616718458355993e-02
-7.630602837351743717e-02
1.436243835288649462e-01
1.833885514570259001e-01
6.616719376919798223e-02
3.210022409512279518e-02
-9.343980530810466756e-02
-1.805579612039983142e-02
-9.156534668664849386e-02
-2.025422878789305461e-03
-1.000601386595030978e-01
1.507288717694110769e-01
-3.660424025702333634e-02
-8.308128325200982156e-02
4.125462023242419674e-02
1.887131213854514183e-02
-5.448729255958723733e-02
-3.076326882642450855e-02
-1.391961542632613041e-02
-5.153976482814589394e-02
-2.268607174810041011e-02
-3.073400754577203589e-02
4.070761189714657002e-02
