-3.020397201180458069e-02
1.600678265094757080e-01
-7.977971434593200684e-02
-3.440640121698379517e-02
3.292524069547653198e-02
3.952839225530624390e-02
2.643205225467681885e-03
-1.682304777204990387e-02
1.727548986673355103e-02
1.389031529426574707e+00
-9.701921045780181885e-02
9.483653306961059570e-02
6.840536743402481079e-02
-5.612314678728580475e-03
-6.367661058902740479e-02
-2.286170050501823425e-02
-6.239602714776992798e-02
1.303966045379638672e+00
-1.711085438728332520e-01
-3.897533938288688660e-02
-1.943854428827762604e-02
-6.356694269925355911e-03
-9.868696331977844238e-02
-9.619509801268577576e-04
6.551370024681091309e-02
4.108839854598045349e-02
8.904629386961460114e-03
-2.040429972112178802e-02
3.636601567268371582e-02
5.163342226296663284e-03
-2.349168062210083008e-02
2.592578344047069550e-02
3.645201213657855988e-03
2.496948093175888062e-02
7.845228910446166992e-02
-8.722813427448272705e-02
2.813770063221454620e-02
3.662152588367462158e-02
-4.085569456219673157e-02
-8.995628356933593750e-02
1.365452352911233902e-02
1.671901345252990723e-02
1.471072621643543243e-02
-4.247313365340232849e-02
-5.294891446828842163e-02
-5.204128567129373550e-03
-9.979490935802459717e-02
4.064225405454635620e-02
-4.423816502094268799e-02
8.621952496469020844e-03
1.417612377554178238e-02
2.848978154361248016e-02
-4.187816008925437927e-02
3.177910670638084412e-02
-4.380415380001068115e-02
5.376643314957618713e-02
-4.923773929476737976e-03
2.613222412765026093e-02
3.036439977586269379e-02
-2.005006372928619385e-02
1.773491501808166504e-02
4.098601266741752625e-02
8.851507445797324181e-04
1.387666612863540649e-01
2.344343811273574829e-02
-6.098778918385505676e-02
-9.947609156370162964e-03
5.769375711679458618e-02
-5.386639852076768875e-03
5.186177790164947510e-02
4.995707795023918152e-02
5.953036248683929443e-02
4.764484986662864685e-02
-2.347729541361331940e-02
5.097954347729682922e-02
-2.585500292479991913e-02
1.599664986133575439e-02
-8.595476299524307251e-02
2.528752945363521576e-02
1.425563544034957886e-01
-5.993756279349327087e-02
5.280917882919311523e-02
-2.405911497771739960e-02
-2.625566958158742636e-05
2.256108820438385010e-02
-1.453654915094375610e-01
1.177858281880617142e-02
-2.304376475512981415e-02
1.409306675195693970e-01
3.616969659924507141e-02
-4.579677060246467590e-02
4.938045144081115723e-02
-1.298307999968528748e-02
-3.089325875043869019e-02
5.389824509620666504e-02
-6.510182470083236694e-02
-4.405353590846061707e-02
1.882596686482429504e-02
-1.864588470198214054e-03
7.768547162413597107e-03
1.799563318490982056e-02
-3.463778877630829811e-03
-1.009180471301078796e-01
4.511034116148948669e-03
6.256161630153656006e-02
-6.038248538970947266e-01
7.784284651279449463e-02
5.395426973700523376e-02
5.738986656069755554e-02
7.093475759029388428e-02
-1.742673479020595551e-02
-9.639381617307662964e-02
7.506929337978363037e-02
-4.617018625140190125e-02
-1.552872918546199799e-02
-1.017860695719718933e-02
-2.955410256981849670e-02
2.421111427247524261e-02
-6.112051010131835938e-02
-1.120654051192104816e-03
6.057254970073699951e-03
-3.086951933801174164e-02
3.071570768952369690e-03
1.207236945629119873e-02
-5.605373531579971313e-02
5.443450808525085449e-02
-1.643299008719623089e-03
-2.591732144355773926e-02
4.480778798460960388e-02
-1.673014834523200989e-02
4.898238927125930786e-02
7.683540880680084229e-02
-2.709222584962844849e-02
-2.045796625316143036e-02
3.929787129163742065e-02
4.785622283816337585e-02
4.959164652973413467e-03
4.497305490076541901e-04
5.114284157752990723e-02
-1.812397502362728119e-02
-5.508071780204772949e-01
5.216971039772033691e-02
1.667453907430171967e-02
-1.335525419563055038e-02
7.068764418363571167e-03
-1.321361027657985687e-02
-1.556172594428062439e-02
-6.351236253976821899e-02
5.709877982735633850e-02
-3.285775333642959595e-02
-4.210452362895011902e-02
-3.241519257426261902e-02
3.020725212991237640e-02
3.694309294223785400e-02
-7.749686390161514282e-02
1.721527986228466034e-02
-7.005313038825988770e-02
5.427879840135574341e-02
-9.793752804398536682e-03
-2.602470666170120239e-02
4.146389290690422058e-02
2.393077127635478973e-02
-4.718936234712600708e-02
-7.559417188167572021e-02
-1.126107499003410339e-01
-1.078255772590637207e-01
2.930456213653087616e-02
-4.035860300064086914e-02
1.128781735897064209e-01
7.484798133373260498e-02
5.989156663417816162e-02
-9.089619852602481842e-04
-1.653335988521575928e-02
-7.397948205471038818e-02
-4.970591142773628235e-02
1.913035847246646881e-02
3.665010258555412292e-02
-3.313886001706123352e-02
3.197709843516349792e-02
-8.801323920488357544e-02
1.897292025387287140e-02
-3.390440344810485840e-02
-6.463391333818435669e-02
-6.066660955548286438e-02
-7.291146367788314819e-02
-9.878399781882762909e-03
-4.599645361304283142e-02
5.502801015973091125e-02
-2.484196238219738007e-02
-1.820477470755577087e-02
-9.289511293172836304e-02
3.993526101112365723e-03
-4.198405891656875610e-02
3.655713424086570740e-02
2.791926823556423187e-02
5.501144379377365112e-02
-4.285791516304016113e-02
-7.942187041044235229e-02
-1.468992531299591064e-01
1.733889728784561157e-01
-4.217879846692085266e-03
-7.066452503204345703e-02
-3.533829376101493835e-02
8.454435318708419800e-02
1.083615720272064209e-01
-4.682281240820884705e-02
-1.056200452148914337e-02
1.737384498119354248e-02
-5.543192103505134583e-02
1.002969592809677124e-02
-6.586170941591262817e-02
-8.210302144289016724e-02
-2.076858095824718475e-02
-1.584772467613220215e-01
7.626926060765981674e-03
5.749066546559333801e-02
-7.006001472473144531e-02
9.071569889783859253e-02
-1.463498175144195557e-01
5.984641984105110168e-02
6.813727319240570068e-02
2.319333888590335846e-02
-5.079787224531173706e-02
1.013755146414041519e-02
3.555700927972793579e-02
4.289411008358001709e-02
3.998184576630592346e-02
3.680872917175292969e-02
6.749039143323898315e-02
8.499613404273986816e-02
-8.470201492309570312e-02
-2.310394681990146637e-02
7.198521494865417480e-02
5.754677206277847290e-02
-7.450245320796966553e-02
-3.161793574690818787e-02
-4.963421076536178589e-02
-2.256999351084232330e-02
-1.848100870847702026e-02
4.179752245545387268e-02
3.618735820055007935e-02
2.465230971574783325e-02
1.004635635763406754e-02
7.075329869985580444e-02
1.209966093301773071e-02
-1.603163629770278931e-01
-2.816667035222053528e-02
-7.650497555732727051e-02
-1.033380031585693359e-01
-1.810495555400848389e-02
5.798419192433357239e-02
3.359495475888252258e-02
2.646848559379577637e-02
-8.267784863710403442e-02
-3.380753565579652786e-03
1.322879344224929810e-01
1.170323863625526428e-01
-5.517244338989257812e-02
1.744688861072063446e-02
-1.103781722486019135e-02
6.683602184057235718e-02
9.677809476852416992e-02
7.765217218548059464e-03
5.376308411359786987e-02
3.714257106184959412e-02
-8.448464423418045044e-02
1.615924388170242310e-02
7.337504066526889801e-03
4.077717661857604980e-01
-5.857270583510398865e-02
3.222108643967658281e-04
-1.753851585090160370e-02
-4.268312081694602966e-02
-1.186943128705024719e-01
-7.893212139606475830e-02
-4.265838488936424255e-02
3.507131012156605721e-03
4.136569425463676453e-02
-5.734554678201675415e-02
1.279717385768890381e-01
1.872691065073013306e-01
5.029085278511047363e-02
4.904993623495101929e-02
-9.176335483789443970e-02
-1.338686980307102203e-02
-1.462899595499038696e-01
4.196097329258918762e-02
-9.195277839899063110e-02
1.504280120134353638e-01
-8.279603719711303711e-02
-9.307412058115005493e-02
1.634370163083076477e-02
2.810767851769924164e-03
-5.719706416130065918e-03
-6.340992450714111328e-02
-4.407334327697753906e-02
-4.006830230355262756e-02
-1.236427016556262970e-02
-3.817225247621536255e-02
8.154070377349853516e-02
