-2.875222265720367432e-02
1.299007683992385864e-01
-1.061526313424110413e-01
-2.624600753188133240e-02
4.298754781484603882e-02
3.654415905475616455e-02
6.539286114275455475e-03
8.515327237546443939e-03
2.469792962074279785e-02
1.325721740722656250e+00
-5.415071919560432434e-02
9.901145100593566895e-02
1.066952720284461975e-01
-1.754929497838020325e-02
1.840600743889808655e-02
3.871524333953857422e-02
-1.437396556138992310e-02
1.098576188087463379e+00
-1.263254433870315552e-01
-6.807757914066314697e-02
-3.674482181668281555e-02
-1.894843578338623047e-02
-1.077299118041992188e-01
1.207330077886581421e-02
2.604377828538417816e-02
2.418231591582298279e-02
-8.467232435941696167e-02
3.647345677018165588e-02
3.743304684758186340e-02
1.641704887151718140e-02
-2.879916690289974213e-02
3.192298486828804016e-02
-1.596481166779994965e-02
3.304815292358398438e-02
1.003560200333595276e-01
-2.197823300957679749e-02
1.782676391303539276e-02
4.263850301504135132e-02
-2.760583721101284027e-02
-1.631807722151279449e-02
-5.039361421950161457e-04
5.593359097838401794e-02
1.568463514558970928e-03
-2.986632473766803741e-02
3.680780529975891113e-02
2.097183279693126678e-02
-7.694748044013977051e-02
3.147792071104049683e-02
3.695670887827873230e-02
-9.852908551692962646e-03
5.803564563393592834e-02
-2.018858492374420166e-02
-6.676125805824995041e-03
-4.319847002625465393e-02
-3.849070519208908081e-03
-1.824220642447471619e-02
1.274545025080442429e-02
2.753130346536636353e-02
-1.187092810869216919e-02
-3.874779492616653442e-02
3.045748360455036163e-02
7.228648662567138672e-02
1.909884624183177948e-02
1.734064668416976929e-01
-6.600298732519149780e-02
-1.316098123788833618e-01
4.461935907602310181e-02
-8.885665796697139740e-03
1.552611240185797215e-03
6.345273554325103760e-02
3.129128739237785339e-02
9.887373447418212891e-02
2.732414007186889648e-02
4.997137933969497681e-02
4.999994114041328430e-02
-8.168994635343551636e-02
-3.663525730371475220e-02
-1.214468013495206833e-02
-2.028283290565013885e-02
1.296043302863836288e-02
-3.953153267502784729e-02
1.001035571098327637e-01
-1.011169627308845520e-01
3.631567582488059998e-03
5.123667046427726746e-02
-2.581168413162231445e-01
1.929771602153778076e-01
-7.761737704277038574e-02
3.688789205625653267e-03
4.384851083159446716e-02
-7.297263364307582378e-04
6.167219579219818115e-02
1.212153304368257523e-02
-2.413888648152351379e-02
1.129990145564079285e-01
-1.786558888852596283e-02
-3.694844990968704224e-02
-2.089449577033519745e-02
-8.064152300357818604e-02
-6.991382688283920288e-02
1.887022517621517181e-02
3.919526934623718262e-02
-1.052801832556724548e-01
-2.314433082938194275e-02
8.017886430025100708e-02
-5.697488784790039062e-01
1.741110347211360931e-02
2.977580018341541290e-02
8.439192920923233032e-02
9.526433050632476807e-02
4.802516102790832520e-02
-3.772205859422683716e-02
5.776813998818397522e-02
-2.695589698851108551e-02
-2.388551086187362671e-02
-3.290238231420516968e-02
7.863467559218406677e-03
-1.705955597572028637e-03
-1.091234758496284485e-02
-4.461187124252319336e-02
1.850406825542449951e-02
2.651514112949371338e-02
4.782567545771598816e-02
1.687761279754340649e-03
-1.209414750337600708e-01
6.043616309762001038e-02
1.358760148286819458e-02
-4.864192754030227661e-02
-2.347056753933429718e-02
3.255312517285346985e-02
2.523472905158996582e-02
-2.158647589385509491e-02
-4.575514048337936401e-02
9.947410784661769867e-03
3.832860291004180908e-02
4.294457286596298218e-02
-5.568490829318761826e-03
8.170405402779579163e-03
6.210335344076156616e-02
5.569381639361381531e-03
-5.168427228927612305e-01
6.243535503745079041e-02
-2.912571094930171967e-02
-2.606734819710254669e-02
8.517601527273654938e-03
8.284380286931991577e-02
-6.066252291202545166e-02
-2.046461962163448334e-02
6.386619806289672852e-02
1.248929742723703384e-02
-7.034336775541305542e-02
-3.167510032653808594e-02
1.038676276803016663e-01
1.509630383225157857e-04
-1.074838787317276001e-01
2.481396682560443878e-02
-8.311025798320770264e-02
4.862979112658649683e-04
-6.196339428424835205e-02
-1.486990693956613541e-02
6.964625418186187744e-02
-3.299042209982872009e-02
-3.385819122195243835e-02
-4.605716094374656677e-02
-9.771478176116943359e-02
-9.815211594104766846e-02
3.762766346335411072e-02
2.393146511167287827e-03
8.511059731245040894e-02
7.182871550321578979e-02
9.667742997407913208e-02
-1.470347587019205093e-02
-2.815413661301136017e-02
2.177407965064048767e-02
-6.397520750761032104e-02
-6.836018525063991547e-03
1.556062698364257812e-02
-1.848054863512516022e-02
8.411256968975067139e-02
-1.252354383468627930e-01
-4.453532025218009949e-02
2.014291286468505859e-02
-3.296374902129173279e-02
-6.773277372121810913e-02
-1.335010956972837448e-02
8.446098305284976959e-03
-4.056676477193832397e-02
2.838210016489028931e-02
4.448539018630981445e-02
-3.843481093645095825e-02
-1.262427400797605515e-02
-1.928491890430450439e-02
-2.325643785297870636e-02
6.029669940471649170e-02
-5.039178766310214996e-03
6.497693061828613281e-02
-3.026777319610118866e-02
-9.423707425594329834e-02
-1.048422753810882568e-01
8.979124575853347778e-02
-6.262338161468505859e-02
8.260528557002544403e-03
-4.204031452536582947e-02
6.626176089048385620e-02
1.319965273141860962e-01
-2.158221602439880371e-02
2.893419936299324036e-02
1.130391005426645279e-02
-4.066378250718116760e-02
-4.359438642859458923e-02
-3.360403701663017273e-02
-1.955317705869674683e-02
-2.355408295989036560e-02
-1.558660566806793213e-01
3.551710397005081177e-02
1.768315210938453674e-03
-6.774681806564331055e-02
5.702751129865646362e-02
-1.024391315877437592e-02
8.281024172902107239e-03
5.828116834163665771e-02
-4.154229909181594849e-02
-5.293259769678115845e-02
-1.715065166354179382e-02
1.779233221895992756e-03
5.708464607596397400e-02
4.599482566118240356e-02
1.369022950530052185e-02
1.353624761104583740e-01
9.432704001665115356e-02
-1.433522105216979980e-01
3.493889933452010155e-03
4.696721211075782776e-02
7.312999665737152100e-02
-8.883959054946899414e-02
-5.441557243466377258e-02
-4.955107718706130981e-02
2.441189484670758247e-03
4.208729416131973267e-02
2.217210084199905396e-02
-1.244707684963941574e-02
2.720794454216957092e-02
2.395618893206119537e-02
9.228581935167312622e-02
3.372626751661300659e-02
-1.036236435174942017e-01
-5.808278173208236694e-02
-6.580395251512527466e-02
-1.391365975141525269e-01
-1.698930189013481140e-02
1.945653744041919708e-02
3.386015072464942932e-02
7.778005301952362061e-02
-9.740616194903850555e-03
1.137929782271385193e-02
1.126597970724105835e-01
7.989535480737686157e-02
-8.134390413761138916e-02
7.317949086427688599e-02
1.212403550744056702e-02
2.929722890257835388e-02
7.988803088665008545e-02
-8.580818772315979004e-03
8.963146060705184937e-02
2.964462339878082275e-02
-1.204728987067937851e-02
4.565615579485893250e-02
-4.433390498161315918e-02
2.616777122020721436e-01
-8.220578730106353760e-02
8.397416770458221436e-02
1.387821976095438004e-03
-5.153219774365425110e-02
-6.959065049886703491e-02
-9.119909256696701050e-02
-2.656325325369834900e-02
-2.364344522356987000e-02
1.869107224047183990e-02
-7.397702336311340332e-02
1.704615950584411621e-01
2.451386004686355591e-01
3.966382890939712524e-02
5.954945809207856655e-04
-8.247795701026916504e-02
-1.728117465972900391e-02
-3.096687607467174530e-02
6.767766922712326050e-02
-9.469440579414367676e-02
1.563478410243988037e-01
-2.896556444466114044e-02
-3.788270801305770874e-02
5.903783254325389862e-03
-4.044457152485847473e-02
-8.376740664243698120e-02
-7.082080841064453125e-02
4.779363796114921570e-02
-5.417656898498535156e-02
5.061008036136627197e-03
-3.024235554039478302e-02
2.345176413655281067e-02
