-6.314115971326828003e-02
2.244487553834915161e-01
-8.020921796560287476e-02
-7.386703509837388992e-03
4.653551615774631500e-03
2.035697689279913902e-03
7.869543507695198059e-03
2.233602665364742279e-02
-1.670397445559501648e-02
1.372419834136962891e+00
-1.003520265221595764e-01
8.692952990531921387e-02
8.763670176267623901e-02
-1.175852771848440170e-02
-3.060000576078891754e-02
-1.517923455685377121e-02
-1.356562785804271698e-02
1.346692681312561035e+00
-1.811527907848358154e-01
-5.640685185790061951e-02
-4.069108515977859497e-02
-4.234535619616508484e-02
-7.972483336925506592e-02
-6.074049044400453568e-03
2.524176985025405884e-02
1.999702490866184235e-02
-3.220732882618904114e-02
-1.671123318374156952e-02
-6.184917292557656765e-04
2.580041252076625824e-02
-1.061582472175359726e-02
7.745081186294555664e-02
-2.222189120948314667e-02
3.240619227290153503e-02
8.551490306854248047e-02
-5.231355130672454834e-02
7.779389619827270508e-03
5.876539275050163269e-02
-1.366749498993158340e-02
-8.288225531578063965e-02
3.038652800023555756e-02
7.162876427173614502e-02
-8.855637162923812866e-03
-4.865107312798500061e-02
-1.683480292558670044e-02
-2.611456066370010376e-02
-1.022567600011825562e-01
1.767252222634851933e-03
-5.663729971274733543e-04
-9.382124058902263641e-03
4.879893362522125244e-02
-2.140227472409605980e-03
-3.250059857964515686e-02
-1.001910306513309479e-02
-4.700675979256629944e-02
3.603781387209892273e-02
-8.736419491469860077e-03
2.495068823918700218e-03
7.786241360008716583e-03
-1.900325529277324677e-02
3.684515133500099182e-03
2.970538847148418427e-02
-2.094721980392932892e-02
1.942936480045318604e-01
-1.746527291834354401e-02
-1.024190783500671387e-01
7.092299871146678925e-03
4.468796029686927795e-02
-3.799818828701972961e-02
1.100251749157905579e-01
1.612292369827628136e-03
5.992588028311729431e-02
7.644705474376678467e-02
2.695402503013610840e-02
5.803469568490982056e-02
1.608675718307495117e-02
1.589505188167095184e-02
-3.614330198615789413e-03
1.439397223293781281e-02
6.735917180776596069e-02
-2.364829555153846741e-02
6.348033994436264038e-02
-5.653789266943931580e-02
-3.975373506546020508e-02
5.615005269646644592e-02
-1.927241384983062744e-01
1.609046012163162231e-02
1.412686239928007126e-02
8.728940784931182861e-02
9.048430621623992920e-02
-1.367379259318113327e-02
6.444579362869262695e-02
-3.544081375002861023e-02
-5.640411283820867538e-03
4.650625959038734436e-02
-4.505631327629089355e-02
3.464770689606666565e-02
1.774178631603717804e-02
-3.582325577735900879e-02
-2.209329977631568909e-02
3.370508924126625061e-02
3.990152478218078613e-02
-1.213198378682136536e-01
3.009994700551033020e-02
7.525818794965744019e-02
-7.072414159774780273e-01
2.587528713047504425e-02
2.759338356554508209e-02
5.671032518148422241e-02
4.093755967915058136e-03
-2.266656956635415554e-04
-1.270935982465744019e-01
8.252651244401931763e-02
-6.313300132751464844e-02
-3.961749374866485596e-03
-2.340978011488914490e-02
-3.008517995476722717e-02
3.501004353165626526e-02
1.999736018478870392e-02
3.615438938140869141e-02
-9.045463055372238159e-03
3.078779438510537148e-03
-2.114115282893180847e-02
-3.445568727329373360e-03
-3.016801923513412476e-02
2.558329515159130096e-02
-2.997883781790733337e-02
-4.086735844612121582e-02
1.910770125687122345e-02
-1.705693453550338745e-02
2.803031168878078461e-02
5.280743911862373352e-02
-5.027876049280166626e-02
5.855152010917663574e-02
9.959682077169418335e-02
7.667023688554763794e-02
-3.950084000825881958e-02
1.224238239228725433e-02
4.252759367227554321e-02
-3.480501240119338036e-03
-5.517657995223999023e-01
5.483312532305717468e-02
2.507032826542854309e-02
-6.555335130542516708e-03
1.717489957809448242e-02
-9.454924613237380981e-03
-5.946201458573341370e-02
1.676444313488900661e-03
1.109596267342567444e-01
-2.020242996513843536e-02
-2.274737507104873657e-02
1.679577864706516266e-02
2.851652912795543671e-02
-5.105045158416032791e-03
-8.860839903354644775e-02
-2.516327239573001862e-02
-7.457590103149414062e-02
1.104825288057327271e-01
-3.093400411307811737e-02
-3.591851890087127686e-02
7.666689902544021606e-02
1.246602088212966919e-02
-1.128426101058721542e-02
-3.862709552049636841e-02
-1.153148040175437927e-01
-1.105212122201919556e-01
3.912443667650222778e-02
-3.432387113571166992e-02
7.005343586206436157e-02
5.677044764161109924e-02
8.121629059314727783e-02
-4.199259355664253235e-02
-6.180718168616294861e-02
-1.714202947914600372e-02
-8.341281861066818237e-02
3.063542395830154419e-02
3.924908861517906189e-02
-3.155438974499702454e-02
8.962385356426239014e-02
-1.113202422857284546e-01
-1.501392386853694916e-02
3.313015028834342957e-02
-7.968268543481826782e-02
-1.096753776073455811e-02
-8.025272190570831299e-02
-1.411570422351360321e-02
-3.230434656143188477e-02
4.470190778374671936e-02
-5.959829650237224996e-06
1.736711338162422180e-02
-4.979753121733665466e-02
-1.664670929312705994e-02
-4.898624867200851440e-02
4.898156225681304932e-02
3.108284808695316315e-02
5.858826264739036560e-02
-2.100884914398193359e-02
-7.186102122068405151e-02
-1.802407205104827881e-01
1.242937222123146057e-01
2.134300023317337036e-02
-6.422736495733261108e-02
-1.589459367096424103e-02
6.978774070739746094e-02
1.402939558029174805e-01
-1.589941419661045074e-02
-3.310317918658256531e-02
2.425975538790225983e-02
-9.525371342897415161e-02
4.016028717160224915e-03
-5.070797353982925415e-02
-2.958986163139343262e-02
-2.362577803432941437e-02
-1.759962290525436401e-01
4.168364405632019043e-02
6.268533319234848022e-02
-7.232409715652465820e-02
8.662198483943939209e-02
-9.063649177551269531e-02
3.610671311616897583e-02
2.186824008822441101e-02
-5.864606704562902451e-03
-5.395220220088958740e-02
-6.805967073887586594e-03
-2.515043364837765694e-03
3.694359213113784790e-02
2.005806565284729004e-02
1.382283773273229599e-02
9.588048607110977173e-02
1.029068604111671448e-01
-5.953425914049148560e-02
-4.149962589144706726e-02
7.472899556159973145e-02
5.136372894048690796e-02
-4.041463881731033325e-02
-4.136238619685173035e-02
-4.126861691474914551e-02
-2.050279639661312103e-02
-5.056594684720039368e-02
4.512116312980651855e-02
3.949522972106933594e-02
3.504484146833419800e-02
9.204616770148277283e-03
4.396842420101165771e-02
3.345634043216705322e-02
-1.167985573410987854e-01
-3.580924496054649353e-02
-8.635233342647552490e-02
-9.927287697792053223e-02
-1.880432851612567902e-02
5.383419990539550781e-02
7.332481443881988525e-02
4.564632102847099304e-02
-8.436351269483566284e-02
-2.140660956501960754e-02
1.878164559602737427e-01
1.237662881612777710e-01
-3.055484034121036530e-02
6.470646709203720093e-02
-8.493407629430294037e-03
6.189511716365814209e-02
1.032542586326599121e-01
-2.950662560760974884e-02
5.152507871389389038e-02
4.748051241040229797e-02
-8.641106076538562775e-03
4.393629729747772217e-02
4.717944562435150146e-02
3.515026271343231201e-01
-5.144436284899711609e-02
1.062415465712547302e-01
-3.334411233663558960e-02
-5.224180407822132111e-03
-1.232406422495841980e-01
-1.037837415933609009e-01
-4.972331225872039795e-02
2.207002229988574982e-02
6.752560287714004517e-02
-1.005627512931823730e-01
1.744378656148910522e-01
1.523931622505187988e-01
4.893459007143974304e-02
1.332821976393461227e-02
-9.317057579755783081e-02
-1.625819504261016846e-02
-7.630302757024765015e-02
2.281981706619262695e-02
-1.045641228556632996e-01
1.355892717838287354e-01
-3.693970665335655212e-02
-1.242234334349632263e-01
5.165541172027587891e-02
5.770716443657875061e-02
-6.723923236131668091e-02
-5.674060806632041931e-02
2.010721154510974884e-02
-2.825785800814628601e-02
-1.108834613114595413e-02
-2.534252591431140900e-03
6.858799606561660767e-02
