-2.660541608929634094e-02
1.220845580101013184e-01
-8.088137954473495483e-02
-4.975554719567298889e-02
7.566352188587188721e-02
5.928849801421165466e-02
1.861799694597721100e-02
-9.380991011857986450e-02
8.052295073866844177e-03
1.282665133476257324e+00
-1.362091153860092163e-01
9.196481108665466309e-02
9.053352475166320801e-02
-2.749549597501754761e-02
-4.821122065186500549e-02
-8.571789599955081940e-03
-5.419801920652389526e-02
1.182969331741333008e+00
-1.652728021144866943e-01
-4.843327403068542480e-02
-4.303278028964996338e-02
-2.332842675969004631e-03
-8.346790820360183716e-02
-1.060104463249444962e-02
7.828053086996078491e-02
2.662202343344688416e-02
-2.015315182507038116e-02
-3.500589728355407715e-02
6.586041301488876343e-02
-1.059711677953600883e-03
-4.971092101186513901e-03
-4.442885518074035645e-03
1.411595661193132401e-02
2.538100816309452057e-02
6.863841414451599121e-02
-5.613747239112854004e-02
3.268269822001457214e-02
7.902410626411437988e-02
-4.910324513912200928e-02
-1.292005064897239208e-03
1.866044849157333374e-02
-6.823317613452672958e-03
7.226167619228363037e-02
-3.805333375930786133e-02
-5.906313657760620117e-02
-1.453719846904277802e-02
-4.016911238431930542e-02
7.381721585988998413e-02
6.285524927079677582e-03
-2.191945677623152733e-03
-3.525999933481216431e-02
3.786330670118331909e-02
-1.204764749854803085e-02
-3.395303338766098022e-02
-2.415554225444793701e-02
1.959443325176835060e-03
2.825771458446979523e-03
2.366892807185649872e-02
6.336970720440149307e-03
-4.836747422814369202e-02
-3.790909051895141602e-02
1.235026400536298752e-02
1.669415156356990337e-03
1.272299736738204956e-01
1.689078286290168762e-02
3.565728664398193359e-03
2.718045935034751892e-02
5.573758855462074280e-02
3.597089787945151329e-03
8.488492667675018311e-02
3.105200268328189850e-02
4.690212383866310120e-02
9.443754702806472778e-02
-3.174199536442756653e-02
1.312645375728607178e-01
3.876253962516784668e-02
8.394545875489711761e-03
-1.295907050371170044e-02
-1.368006225675344467e-02
1.544705480337142944e-01
-4.208472743630409241e-02
6.497795134782791138e-02
-6.840334087610244751e-02
-4.809191916137933731e-03
-5.438355728983879089e-03
-1.350049972534179688e-01
8.194692432880401611e-02
-1.843529343605041504e-01
1.479366570711135864e-01
5.364461615681648254e-02
-4.741374030709266663e-02
1.313908211886882782e-02
7.122640032321214676e-03
-6.564337015151977539e-02
1.176654398441314697e-01
-6.531263887882232666e-02
-6.956544518470764160e-02
-5.124563816934823990e-03
-9.221278131008148193e-03
-4.036419838666915894e-02
1.489206450060009956e-03
1.160949189215898514e-02
-7.420755177736282349e-02
4.699287455878220499e-05
6.486135721206665039e-02
-3.066711127758026123e-01
9.565465897321701050e-02
5.177990347146987915e-02
4.501019045710563660e-02
6.866536289453506470e-02
1.447287946939468384e-02
-1.073444709181785583e-01
5.547128617763519287e-02
-6.509535014629364014e-02
-7.536761462688446045e-02
-2.519977279007434845e-03
-7.792650256305932999e-03
-7.853227667510509491e-03
-5.585230886936187744e-02
-5.857140943408012390e-02
3.416085988283157349e-02
-2.953926287591457367e-02
7.252315990626811981e-03
-2.572294324636459351e-02
-8.310693502426147461e-02
6.718225032091140747e-02
2.307411283254623413e-02
-3.887571766972541809e-02
5.823633447289466858e-02
-3.300613909959793091e-02
4.965635761618614197e-02
7.920763641595840454e-02
-6.736105680465698242e-02
-2.956040436401963234e-03
3.715553134679794312e-02
5.943392217159271240e-02
1.178986486047506332e-02
-2.251431718468666077e-02
5.055209249258041382e-02
1.273454353213310242e-02
-5.428557991981506348e-01
5.715652182698249817e-02
8.489497750997543335e-02
7.461557630449533463e-03
-6.181142292916774750e-03
2.785542747005820274e-03
-2.155345305800437927e-02
-3.938711807131767273e-02
1.141353137791156769e-02
-3.539767488837242126e-02
3.710445016622543335e-02
3.193613886833190918e-02
1.307699643075466156e-02
1.697509922087192535e-02
-3.803684189915657043e-02
-1.929953321814537048e-02
-8.623509109020233154e-02
-7.632985711097717285e-03
5.168176442384719849e-02
-4.872591234743595123e-03
3.970750793814659119e-02
8.662031963467597961e-03
-3.188419342041015625e-02
-1.107233613729476929e-01
-1.466265767812728882e-01
-1.045056283473968506e-01
7.501140236854553223e-03
-7.248823344707489014e-02
7.663487643003463745e-02
3.596939146518707275e-02
5.950316414237022400e-02
4.035408049821853638e-02
-4.723894409835338593e-03
-4.231894761323928833e-02
-2.469682879745960236e-02
1.836931705474853516e-02
7.758823782205581665e-02
-2.434277720749378204e-02
2.224568650126457214e-02
-7.432787120342254639e-02
1.933632791042327881e-02
-7.348920404911041260e-02
-5.289054661989212036e-02
-9.198153018951416016e-02
-1.039915457367897034e-01
1.228459365665912628e-02
-7.069262117147445679e-02
6.929526478052139282e-02
1.926456950604915619e-02
-5.591720109805464745e-04
-6.843207776546478271e-02
2.543850615620613098e-02
-3.226668760180473328e-02
7.461393624544143677e-02
7.169555127620697021e-02
4.188455268740653992e-02
-6.288745999336242676e-02
-1.423961818218231201e-01
-4.210488125681877136e-02
1.671696752309799194e-01
6.634186021983623505e-03
-1.071937829256057739e-01
-5.586632341146469116e-02
7.282396405935287476e-02
1.040587052702903748e-01
-6.520821154117584229e-02
-1.918248087167739868e-02
9.694022126495838165e-03
-3.057494945824146271e-02
-6.486425176262855530e-03
-1.127134449779987335e-02
-9.395857155323028564e-02
2.818508818745613098e-02
-1.564314514398574829e-01
4.231571406126022339e-02
2.872258424758911133e-02
-3.823226690292358398e-02
4.889449849724769592e-02
-2.199467867612838745e-01
3.210225701332092285e-02
6.277891248464584351e-02
2.966445125639438629e-02
-1.038150675594806671e-02
5.248858779668807983e-02
4.219589009881019592e-02
4.170697927474975586e-02
3.606830537319183350e-02
9.456845000386238098e-03
6.812514364719390869e-02
3.571946546435356140e-02
-8.466214686632156372e-02
-6.528089195489883423e-02
8.062459528446197510e-02
1.631589606404304504e-02
-8.638373017311096191e-02
-4.237967357039451599e-02
-5.221407860517501831e-02
-1.817875728011131287e-02
-1.942144893109798431e-02
5.255061388015747070e-02
1.220716815441846848e-02
8.447394706308841705e-03
4.358043149113655090e-02
3.759369999170303345e-02
6.649168580770492554e-02
-1.603292673826217651e-01
-3.091277554631233215e-02
-8.329431712627410889e-02
-1.064242571592330933e-01
-1.766084134578704834e-02
5.844459310173988342e-02
6.322887539863586426e-02
-1.833162829279899597e-02
-7.171662151813507080e-02
2.478441968560218811e-02
1.833283454179763794e-01
8.764596283435821533e-02
-7.977541536092758179e-02
1.128138136118650436e-02
3.549108514562249184e-04
5.437780171632766724e-02
1.190300360321998596e-01
3.237791731953620911e-02
1.000531017780303955e-01
8.725072257220745087e-03
-1.082920283079147339e-01
5.748197901993989944e-03
-9.322394616901874542e-03
4.345801472663879395e-01
-7.841579616069793701e-02
-4.173928871750831604e-02
-5.601196084171533585e-03
-1.829596795141696930e-02
-9.444385766983032227e-02
-4.031960666179656982e-02
-3.735052421689033508e-02
1.707457937300205231e-02
5.244019255042076111e-02
-5.879915878176689148e-02
1.069520115852355957e-01
1.926374435424804688e-01
2.820836566388607025e-02
9.871692210435867310e-02
-1.121472939848899841e-01
-6.188440136611461639e-03
-1.201122924685478210e-01
1.354456879198551178e-02
-8.391547948122024536e-02
1.725900918245315552e-01
-4.722605273127555847e-02
-6.137773394584655762e-02
8.043706417083740234e-03
-7.024069875478744507e-02
2.296142652630805969e-02
-6.289050728082656860e-02
-1.329716015607118607e-02
-5.927344039082527161e-02
-5.858458578586578369e-02
-4.080351442098617554e-02
4.438514634966850281e-02
