-3.563090041279792786e-02
1.959133446216583252e-01
-8.594324439764022827e-02
-7.100450247526168823e-02
3.272693231701850891e-02
6.604035198688507080e-02
3.059984650462865829e-03
-9.307369589805603027e-02
-1.347427722066640854e-03
1.173756718635559082e+00
-1.107287630438804626e-01
1.387952268123626709e-01
9.174840897321701050e-02
-4.722428321838378906e-02
-3.805848211050033569e-02
-7.889905944466590881e-03
-2.705091238021850586e-02
1.199068069458007812e+00
-2.018047273159027100e-01
-3.804760426282882690e-02
-7.457971572875976562e-03
-1.391793880611658096e-02
-9.906439483165740967e-02
2.528454409912228584e-03
6.981612741947174072e-02
-1.961489673703908920e-03
-8.106381446123123169e-02
-9.527153335511684418e-03
4.251174256205558777e-02
6.757203489542007446e-02
-2.338859625160694122e-02
-9.881264530122280121e-03
-1.641167141497135162e-02
4.721259698271751404e-02
1.058614403009414673e-01
-6.893493980169296265e-02
5.950025096535682678e-02
6.677286326885223389e-02
-2.506932243704795837e-02
-3.755080699920654297e-02
1.235926523804664612e-02
-2.873184531927108765e-02
7.528492808341979980e-02
-4.536744952201843262e-02
-6.532559543848037720e-02
-2.890156768262386322e-02
-1.013982370495796204e-01
3.869281336665153503e-02
-3.189436718821525574e-02
-1.300784759223461151e-02
2.696379274129867554e-02
4.466956853866577148e-02
-1.709185657091438770e-03
-2.502886811271309853e-03
-3.877819702029228210e-02
1.358430460095405579e-02
3.609849838539958000e-03
3.441612794995307922e-02
1.290879957377910614e-02
-6.065799668431282043e-02
-2.929252013564109802e-02
1.104066800326108932e-02
3.607550263404846191e-02
1.472020596265792847e-01
-7.452292740345001221e-02
-4.656846448779106140e-02
5.225462839007377625e-02
4.227487370371818542e-02
-2.491121552884578705e-02
8.081229776144027710e-02
-8.692936971783638000e-03
6.588914990425109863e-02
4.181451350450515747e-02
1.606612233445048332e-03
9.172346442937850952e-02
2.382380329072475433e-02
3.313173539936542511e-03
-1.174243260174989700e-02
1.367745082825422287e-02
1.299256980419158936e-01
-5.233126133680343628e-02
5.542343482375144958e-02
-4.533793777227401733e-02
4.127306118607521057e-02
5.313953384757041931e-03
-2.035277634859085083e-01
1.858347058296203613e-01
-1.811178922653198242e-01
1.035581454634666443e-01
4.540700092911720276e-02
-1.423049438744783401e-02
3.420452401041984558e-02
2.696855459362268448e-03
-8.745191246271133423e-02
6.271366029977798462e-02
-7.939662039279937744e-02
-6.002901121973991394e-02
-8.719939738512039185e-03
-6.390619277954101562e-02
-1.616027951240539551e-02
2.485782466828823090e-02
2.283964119851589203e-02
-1.104786470532417297e-01
-1.410067547112703323e-02
4.366395249962806702e-02
-2.777294814586639404e-01
1.024252772331237793e-01
-1.792536489665508270e-02
3.944183513522148132e-02
7.432559132575988770e-02
2.285669744014739990e-02
-1.269456148147583008e-01
5.166607722640037537e-02
-5.880035087466239929e-02
-5.240944772958755493e-02
1.170241367071866989e-02
-2.077119424939155579e-02
-4.030956327915191650e-02
-2.618621289730072021e-02
-6.355553865432739258e-02
-6.409797817468643188e-03
-1.520483661442995071e-02
-9.871519170701503754e-03
-3.391933441162109375e-02
-1.174208596348762512e-01
6.478428840637207031e-02
-6.743721663951873779e-03
-6.975755840539932251e-02
5.827514827251434326e-02
-2.788287401199340820e-02
3.202209249138832092e-02
7.138880342245101929e-02
-4.778883606195449829e-02
6.808701436966657639e-03
2.291455678641796112e-02
7.769177109003067017e-02
1.273544598370790482e-02
-2.916331030428409576e-02
4.093769937753677368e-02
-1.670302823185920715e-02
-5.444149971008300781e-01
7.510133832693099976e-02
6.749996542930603027e-02
6.127449683845043182e-03
2.271715551614761353e-02
2.088535577058792114e-02
-7.624255958944559097e-03
-1.611361280083656311e-02
1.312600728124380112e-02
-5.620802566409111023e-02
-1.301546953618526459e-02
7.783110719174146652e-03
7.151766121387481689e-02
5.097090266644954681e-03
-7.576283812522888184e-02
-1.584614440798759460e-02
-7.249438762664794922e-02
4.958820343017578125e-02
4.700807109475135803e-02
-1.183029497042298317e-03
8.164828270673751831e-02
1.027517486363649368e-02
-2.674395963549613953e-02
-7.997947186231613159e-02
-1.226154118776321411e-01
-8.557724952697753906e-02
2.732683345675468445e-02
-3.377658873796463013e-02
8.413777500391006470e-02
6.862021237611770630e-02
7.448556274175643921e-02
-1.128820795565843582e-02
-4.188003763556480408e-02
-5.429107695817947388e-02
-4.894763603806495667e-02
-2.395473793148994446e-02
5.204698070883750916e-02
-4.927653819322586060e-02
2.151512354612350464e-02
-1.494906842708587646e-01
1.785922423005104065e-02
-3.170762583613395691e-02
-6.663771718740463257e-02
-9.698624163866043091e-02
-9.434247016906738281e-02
-3.283087629824876785e-03
-6.877950578927993774e-02
5.607307702302932739e-02
6.900672614574432373e-02
-1.435223384760320187e-03
-3.549826517701148987e-02
1.214096881449222565e-02
-6.612477824091911316e-03
5.845659971237182617e-02
5.655275657773017883e-02
1.572045125067234039e-02
-3.366865217685699463e-02
-1.590365767478942871e-01
-1.231558620929718018e-01
1.657516360282897949e-01
1.790405809879302979e-02
-9.223593771457672119e-02
-2.867273241281509399e-02
5.860562995076179504e-02
1.256057322025299072e-01
-9.073425084352493286e-02
2.205643802881240845e-02
8.444643579423427582e-03
-4.062034934759140015e-02
-1.859940402209758759e-02
-3.301946818828582764e-02
-6.370937079191207886e-02
2.229005657136440277e-02
-1.311563402414321899e-01
5.142162367701530457e-02
2.569396793842315674e-02
-3.728166595101356506e-02
7.002604752779006958e-02
-1.391734182834625244e-01
1.080953925848007202e-01
7.109674066305160522e-02
4.756387323141098022e-03
-3.652955219149589539e-02
-3.375454340130090714e-03
2.458746731281280518e-02
4.180802032351493835e-02
5.610276944935321808e-03
-2.548301219940185547e-02
8.917685598134994507e-02
4.513953998684883118e-02
-5.062695220112800598e-02
-9.761992841958999634e-02
7.431716471910476685e-02
3.124645724892616272e-02
-7.485099136829376221e-02
-5.062369629740715027e-02
-7.696184515953063965e-02
-1.572843082249164581e-02
-4.793546348810195923e-02
3.408077731728553772e-02
6.307421717792749405e-03
1.060498598963022232e-02
7.579552941024303436e-03
9.736648947000503540e-02
1.564906537532806396e-02
-1.373632550239562988e-01
-3.458741679787635803e-02
-9.125907719135284424e-02
-1.097329258918762207e-01
-5.181889235973358154e-02
1.008748859167098999e-01
7.597866654396057129e-02
2.113902010023593903e-02
-8.766635507345199585e-02
-2.798662753775715828e-03
1.771173179149627686e-01
1.175698786973953247e-01
-7.662336528301239014e-02
1.516941469162702560e-03
-6.305672693997621536e-03
2.730806916952133179e-02
1.165527701377868652e-01
3.739574551582336426e-02
5.994413048028945923e-02
8.760043419897556305e-03
-1.143467500805854797e-01
7.969114929437637329e-03
-1.140115037560462952e-02
3.386774957180023193e-01
-7.585562765598297119e-02
-2.729758806526660919e-02
1.268164813518524170e-02
-5.731155350804328918e-02
-6.301137804985046387e-02
-8.565180748701095581e-02
-3.727394342422485352e-02
-9.370193583890795708e-04
2.652698568999767303e-02
-1.033000424504280090e-01
1.342150121927261353e-01
1.961628645658493042e-01
2.794621884822845459e-02
4.701332002878189087e-02
-9.814064204692840576e-02
7.662085350602865219e-03
-1.017617508769035339e-01
2.925338037312030792e-02
-1.084537878632545471e-01
1.819885522127151489e-01
3.269432485103607178e-02
-2.581808529794216156e-02
-2.891536103561520576e-03
-2.261416800320148468e-02
-3.337851911783218384e-02
-3.817631676793098450e-02
-7.301778066903352737e-03
-1.983531564474105835e-02
-2.939596213400363922e-02
-5.063527449965476990e-02
3.273274004459381104e-02
