-3.218016545652830490e-02
1.678714928568890152e-01
-1.132026085903905660e-01
-5.864123330830875447e-02
5.680561925841359078e-02
3.234596834020398576e-02
2.277381821326717251e-02
-7.892529607484274901e-02
-2.349914813237410569e-02
1.776103006503429338e+00
-1.365998230880628439e-01
5.114756071422225242e-02
1.045255458949323063e-01
-5.141055480160986596e-02
-8.991148711530259907e-02
-3.009307936160666649e-02
-6.053853887176161019e-02
9.172194285511212630e-01
-1.612101281806389841e-01
-5.241023079622587899e-02
-1.468310947717136293e-02
-3.291386967931518581e-02
-4.142647604303635600e-02
-2.492513448861011574e-02
4.377234651529016835e-02
7.692085981089413250e-03
-2.402436065158676526e-02
-1.505098538449749397e-02
5.243739782863641313e-02
-5.183680442957283585e-02
-2.912528680168094061e-02
7.907496462871814458e-02
-5.182341873156473544e-02
6.288641876043925272e-02
8.708535917676533955e-02
-6.133807143777320059e-02
-7.277408717660542072e-03
4.728423379251216890e-02
-7.581510120517787055e-02
-4.211312382836099322e-02
-2.347209909678293557e-02
3.879906168929243837e-02
-2.600527563779363085e-03
-2.885559813004193522e-02
4.036629891454032032e-02
1.713862849381641087e-02
-1.046046176458829413e-01
1.833265392615675629e-02
2.534488735051885350e-02
2.991321056296421255e-02
-1.689858825828920857e-02
3.861896730849532361e-02
-1.828660393215377281e-02
-8.418017163400884698e-03
2.279267514614947282e-02
2.157631361000302006e-02
9.463944440711734643e-03
-7.106906090079605220e-02
1.430480733618154539e-02
-4.985939637824727405e-02
-1.953109035724439474e-02
-2.203840477184690338e-02
-4.999256272988556772e-03
1.391181667347809181e-01
1.857870852897668817e-02
-7.597935277772842333e-02
2.965227317749053598e-03
5.170778965720396886e-03
6.276012659115240769e-03
9.331972112770532679e-02
5.612881032552684973e-02
5.128073053635523459e-02
1.064680858861366819e-01
-1.730795740009417535e-02
6.035643507454067219e-02
-2.691326116277674950e-03
2.804848773888108868e-02
-5.389093470694587829e-02
-1.855211065769483622e-02
1.516207210188706134e-01
-1.812675468211379093e-02
5.192367091159067610e-02
-9.071290763042397232e-02
-1.674853794999822329e-02
3.470758097635843337e-02
-2.099330555456839220e-01
1.950169656868025762e-03
-1.804784257391875979e-01
1.505944402119833714e-01
4.157338208314083350e-02
-7.814536486282383509e-02
3.693178111062493489e-03
-2.670775929037545737e-02
2.776721282072923749e-02
8.883049743016808997e-02
-2.422545499573545633e-02
-2.928013333362948153e-02
-3.072076344219766206e-02
-1.495739481902341912e-02
-4.127969147024591889e-02
-9.594376910160275218e-03
3.575965449976011706e-02
-8.279700771171683016e-02
-2.631129865355911687e-02
7.687340079604819409e-02
-5.120357866306549655e-01
2.849356480052151960e-02
2.194473612024236756e-02
1.568624902548509253e-02
3.183188396220548028e-02
1.428683017370242433e-02
-8.457995353424073437e-02
4.497044110265112360e-02
-9.010289877927431246e-02
-2.713154833760528239e-02
-1.420746343070338272e-02
-6.191925609529923095e-03
-3.054245983665908673e-02
-1.463249057691282627e-02
-3.889835948327943077e-02
5.313277390809907630e-02
-4.164372553995344256e-02
-2.410968970445822451e-02
1.358528181943876754e-03
-1.643080374991115478e-02
6.443915278838978355e-02
1.368814381146940193e-02
-7.713819954067308027e-02
2.903195478806105262e-02
-3.800943391511781011e-02
8.109995142695636608e-03
-1.734179298804594885e-02
-6.377379648797043554e-02
1.275083260638038007e-02
4.527122193619176338e-02
5.212407115680194741e-02
-2.233381327961192486e-02
-1.355520217436209478e-02
-6.417984089586516866e-03
-7.855333713051726105e-03
-9.486615551369984578e-01
9.095035193592522493e-02
9.951763594344148478e-02
2.851050254984185614e-02
-1.676782522422172114e-02
-2.985788393666263807e-02
-1.911776658674348844e-02
1.494829518195387244e-02
1.262450746739400900e-02
-5.578590809796901001e-02
-7.290654728257489614e-03
-1.423094132726154034e-03
8.094620677707096978e-02
3.463755203312684182e-03
-2.539013913074380721e-02
-1.819480587718557904e-02
-8.817905781344397009e-02
-5.416520443157184228e-02
-1.524861443970112682e-02
-5.259012388833114032e-02
-3.213823146922421131e-02
1.246110963653647950e-02
-2.978340365018301850e-02
-3.532116096654110138e-02
-1.210357649747681175e-01
-1.191828817433100013e-01
2.623957046936635853e-02
-5.004980159875972723e-02
1.080767018195387119e-01
5.809655825489089785e-03
3.797744549796323518e-03
-2.394314413491950566e-02
2.486785917954173822e-02
-6.083735540530935820e-02
-5.488711938390667539e-02
4.351207676623192189e-02
1.859843389892795046e-04
-1.571748694816358163e-02
1.819443453425406004e-02
-9.381228149765449831e-02
5.863366502701988607e-03
-4.066849223941860353e-02
-7.796888326699598359e-02
-5.372219231427022984e-02
-5.060494539940118414e-02
-2.012793562204591435e-02
-5.355942611344575305e-02
1.848608970201499543e-02
6.175246238539038035e-02
-7.009434036585122235e-03
-4.006678481156046578e-02
1.155361171605689616e-02
-8.363997698923202051e-02
3.384009265387896009e-02
1.310083720131534520e-02
6.185543196275631456e-02
-5.420399068019474825e-02
-1.336385054994846944e-01
-2.574572428113561240e-02
1.513223140036959458e-01
-1.553790793582749893e-02
-2.675974903603539623e-02
-7.912471069956288072e-02
6.611038165168893824e-03
1.105561273388357829e-01
-8.956718627838587340e-03
4.119103074247485591e-02
-2.283727967911528337e-02
1.086834345237037633e-02
-6.412366334764750498e-04
-6.485486946497742711e-02
-4.254958365169338175e-02
-1.567548528621308390e-02
-1.517272929697217332e-01
4.753020510345960792e-02
9.715234111242403159e-02
-4.390556839484345553e-02
4.065473172798429041e-02
-1.326731110513877654e-01
-2.226553303189079264e-02
3.915796289735776203e-02
3.593924912932229543e-02
-3.904413761261061461e-02
1.057344250445333908e-02
1.255433580006841063e-02
1.328621020453152161e-02
-7.125520782432744234e-03
7.548676464382174378e-02
2.554636518433046552e-02
-2.899439698610441760e-05
-1.142305899396744706e-01
3.824719750613028019e-02
5.852987901577881569e-02
5.861154669675538997e-02
-5.521160022566544423e-02
-3.093037090981378204e-02
-2.477587545310778669e-02
-4.855139122414620090e-02
-6.989067525276307369e-02
9.240855662958882832e-02
3.602615378678169361e-02
4.841134982253278429e-02
2.785339040955168988e-02
4.322559437080208955e-02
8.708794816580191223e-02
-1.162031913558584234e-01
-6.492498733963537882e-02
-1.019343357417640955e-01
-1.126084529589715388e-01
5.443073892107039985e-02
4.145460093198052864e-02
-3.311753218953231853e-02
-2.071936344464089114e-02
-2.656007065371903883e-02
3.154495083627816259e-03
1.729489098759728616e-01
7.213010912345854675e-02
-4.983184412092647037e-02
-3.912362842579471429e-03
3.946080173424783982e-02
6.650525627243328297e-02
1.176442171008209303e-01
-4.094639296911093546e-03
1.086872590088489299e-01
6.614744132920501174e-02
-3.527719673984505699e-02
4.451862954607040124e-03
1.612067513893084350e-02
3.106955648743736642e-01
-2.385500918709353504e-02
-3.381071751922376609e-03
-3.510817323709975596e-02
-7.894910366839617832e-02
-1.131598590368349949e-01
-7.894791675921318530e-02
1.301799996362921520e-02
6.396731213934619270e-03
3.927501921265858648e-02
-1.257335671382467379e-02
1.929834371335157617e-01
1.886392939958776160e-01
2.328518866442037816e-02
4.945977932651302728e-02
-9.646332297922811938e-02
-4.428805161430754422e-02
-5.697199130321795035e-02
8.796831549406518291e-02
-7.470717354028216795e-02
1.176915685303315667e-01
-4.429007838320480478e-02
-1.431422469703969580e-01
1.407758190228641793e-02
-1.923379910611162577e-02
-4.523117589799743876e-02
2.932464242799140072e-02
2.997870573869895749e-02
-5.716393395287679147e-02
-4.578005892622338813e-02
1.036302641157512729e-02
4.569688505055261724e-02
